| date | open | last | high | low | volume | amount | exchange |
| --- | --- | --- | --- | --- | --- | --- | --- |
| 2026-07-29 | 373.89 | 371.08 | 377.62 | 366.53 | 20094816 | 7469643342 | 0.00 |
| 2026-07-24 | 367.79 | 371.9 | 382.22 | 366.8 | 30781203 | 11501337853 | 0.00 |
| 2026-07-17 | 372.77 | 368.41 | 376.28 | 363.6 | 36653460 | 13532885756 | 0.00 |
| 2026-07-10 | 380.21 | 377.01 | 383.6 | 368.95 | 26660509 | 10047629685 | 0.00 |
| 2026-07-02 | 370.58 | 378.13 | 380.27 | 366.97 | 26974576 | 10077115056 | 0.00 |
| 2026-06-26 | 384.25 | 373.63 | 386.41 | 363.32 | 42734424 | 15967411139 | 0.00 |
| 2026-06-18 | 399.49 | 387.12 | 402.04 | 385.6 | 37451429 | 14794202292 | 0.00 |
| 2026-06-12 | 397.52 | 386.54 | 400.48 | 371.88 | 51735865 | 19944368841 | 0.00 |
| 2026-06-05 | 409.86 | 396.24 | 414.4 | 395.92 | 31141188 | 12649319449 | 0.00 |
| 2026-05-29 | 415.16 | 417.12 | 421.82 | 404.3 | 26612775 | 10982586686 | 0.00 |
| 2026-05-22 | 419.82 | 413.82 | 420.93 | 409.88 | 27261026 | 11317178388 | 0.00 |
| 2026-05-15 | 434.18 | 417.29 | 436.04 | 414.12 | 29792053 | 12717108494 | 0.00 |
| 2026-05-08 | 418.84 | 433.77 | 437.42 | 413.28 | 30776582 | 13144527717 | 0.00 |
| 2026-05-01 | 431.66 | 423.18 | 431.8 | 414.16 | 32925535 | 13926768640 | 0.00 |
| 2026-04-24 | 443.13 | 433.25 | 443.42 | 428.22 | 34031594 | 14827703191 | 0.00 |
| 2026-04-17 | 434.78 | 445.93 | 448.7 | 431.63 | 35799046 | 15825471722 | 0.00 |
| 2026-04-10 | 428.87 | 437.13 | 440.91 | 423.1 | 35312157 | 15332555429 | 0.00 |
| 2026-04-02 | 419.54 | 429.41 | 440.19 | 412.66 | 52678127 | 22490914848 | 0.00 |
| 2026-03-27 | 405.12 | 414.7 | 420.66 | 399.2 | 102325571 | 41809846843 | 0.00 |
| 2026-03-20 | 461.27 | 413.38 | 462.8 | 411.23 | 92360711 | 39999312989 | 0.00 |
| 2026-03-13 | 468.09 | 460.84 | 481.31 | 460.22 | 49611695 | 23361725125 | 0.00 |
| 2026-03-06 | 490.1 | 473.51 | 492.15 | 458.93 | 74658643 | 35415896621 | 0.00 |
| 2026-02-27 | 474.65 | 483.75 | 483.9 | 442.04 | 73713076 | 35196822805 | 0.00 |
| 2026-02-20 | 450.26 | 468.62 | 468.62 | 445.53 | 43930076 | 20130291418 | 0.00 |
| 2026-02-13 | 461.39 | 462.62 | 468.61 | 448.06 | 64250235 | 29628781739 | 0.00 |
| 2026-02-06 | 434.01 | 455.46 | 463.1 | 422.55 | 125139598 | 55653703842 | 0.00 |
| 2026-01-30 | 466.78 | 444.95 | 509.7 | 430.8 | 263261149 | 124133003179 | 0.00 |
| 2026-01-23 | 436.69 | 458 | 458.75 | 434.1 | 100921423 | 44996573673 | 0.00 |
| 2026-01-16 | 421.52 | 421.29 | 426.86 | 417.04 | 91095710 | 38562907597 | 0.00 |
| 2026-01-09 | 406.39 | 414.47 | 415.29 | 406.15 | 58358165 | 23971291580 | 0.00 |
| 2026-01-02 | 403.66 | 398.28 | 403.8 | 395.33 | 51425577 | 20518607291 | 0.00 |
| 2025-12-26 | 406.98 | 416.74 | 418.45 | 405.72 | 44589997 | 18334552858 | 0.00 |
| 2025-12-19 | 397.76 | 399.02 | 402.21 | 394.07 | 52735795 | 20991730631 | 0.00 |
| 2025-12-12 | 387.02 | 395.44 | 400.39 | 384.01 | 50333976 | 19676527555 | 0.00 |
| 2025-12-05 | 390.61 | 386.44 | 391.74 | 382.91 | 43372030 | 16819737215 | 0.00 |
| 2025-11-28 | 374.88 | 387.88 | 388 | 374.19 | 36907602 | 14081102328 | 0.00 |
| 2025-11-21 | 374.04 | 374.27 | 380.17 | 368.52 | 55795562 | 20882904484 | 0.00 |
| 2025-11-14 | 375.93 | 375.96 | 388.18 | 370.89 | 71479008 | 27204023420 | 0.00 |
| 2025-11-07 | 368.91 | 368.31 | 370.84 | 361.39 | 45103078 | 16524341498 | 0.00 |
| 2025-10-31 | 371.13 | 368.12 | 371.59 | 360.12 | 87697708 | 32156751404 | 0.00 |
| 2025-10-24 | 397.45 | 377.52 | 403.3 | 368.93 | 146107862 | 56034253498 | 0.00 |
| 2025-10-17 | 376.5 | 388.99 | 397.28 | 375.58 | 153168786 | 59381607016 | 0.00 |
| 2025-10-10 | 362.16 | 369.12 | 373.57 | 361.37 | 119850303 | 44088608017 | 0.00 |
| 2025-10-03 | 351.79 | 357.64 | 358.67 | 350.87 | 75231596 | 26685471986 | 0.00 |
| 2025-09-26 | 342.75 | 346.74 | 348.75 | 341.84 | 67817264 | 23427126334 | 0.00 |
| 2025-09-19 | 336.31 | 339.18 | 341.24 | 333.81 | 69162549 | 23354169762 | 0.00 |
| 2025-09-12 | 333.66 | 335.42 | 338.31 | 326.19 | 70907286 | 23770549644 | 0.00 |
| 2025-09-05 | 320.82 | 331.05 | 331.44 | 320.24 | 65078032 | 21276995378 | 0.00 |
| 2025-08-29 | 309.67 | 318.07 | 318.09 | 309.67 | 45315803 | 14228851988 | 0.00 |
| 2025-08-22 | 307.79 | 310.58 | 311.03 | 305.19 | 31030957 | 9555501829 | 0.00 |
| 2025-08-15 | 308.62 | 307.43 | 310.39 | 306.52 | 36554851 | 11265660256 | 0.00 |
| 2025-08-08 | 310.8 | 313.05 | 313.53 | 309.84 | 52833142 | 16471940990 | 0.00 |
| 2025-08-01 | 306.44 | 309.11 | 309.55 | 300.96 | 50300469 | 15352692262 | 0.00 |
| 2025-07-25 | 311.88 | 307.4 | 316.24 | 306.2 | 52310274 | 16329250535 | 0.00 |
| 2025-07-18 | 309.07 | 308.39 | 311.09 | 305.12 | 43831526 | 13501596868 | 0.00 |
| 2025-07-11 | 305.07 | 309.14 | 310.28 | 302.77 | 46083126 | 14100782710 | 0.00 |
| 2025-07-03 | 302.39 | 307.14 | 309.4 | 301.95 | 31119948 | 9543865914 | 0.00 |
| 2025-06-27 | 310.34 | 301.22 | 312.67 | 299.89 | 51545073 | 15774004385 | 0.00 |
| 2025-06-20 | 314.8 | 310.13 | 314.87 | 309.25 | 39248051 | 12234193343 | 0.00 |
| 2025-06-13 | 305.39 | 316.29 | 317.6 | 305.06 | 51603860 | 16056623249 | 0.00 |
| 2025-06-06 | 309.21 | 305.18 | 312.2 | 305.1 | 49014362 | 15167389241 | 0.00 |
| 2025-05-30 | 303.81 | 303.6 | 306.89 | 301.5 | 37437491 | 11389096963 | 0.00 |
| 2025-05-23 | 297.85 | 309.75 | 310.25 | 296.48 | 59965397 | 18213827663 | 0.00 |
| 2025-05-16 | 298.33 | 294.24 | 300.3 | 291.78 | 67080854 | 19846041855 | 0.00 |
| 2025-05-09 | 305.92 | 306.84 | 315.62 | 303.05 | 47119969 | 14565695095 | 0.00 |
| 2025-05-02 | 304.15 | 297.98 | 309.11 | 295.32 | 48206912 | 14544979591 | 0.00 |
| 2025-04-25 | 315.02 | 304.73 | 317.63 | 300.59 | 102572571 | 31755020870 | 0.00 |
| 2025-04-17 | 295.54 | 306.12 | 308.06 | 294.53 | 59417628 | 17972534232 | 0.00 |
| 2025-04-11 | 278.86 | 297.93 | 299.28 | 272.58 | 98706635 | 28193741396 | 0.00 |
| 2025-04-04 | 287.53 | 279.72 | 289.13 | 278.02 | 82964983 | 23682220952 | 0.00 |
| 2025-03-28 | 278.91 | 284.06 | 284.64 | 276.86 | 34742126 | 9747443160 | 0.00 |
| 2025-03-21 | 275.54 | 278.49 | 281.48 | 275.39 | 42224731 | 11772588301 | 0.00 |
| 2025-03-14 | 267.62 | 275.24 | 276.3 | 265.64 | 50373116 | 13702413871 | 0.00 |
| 2025-03-07 | 265.07 | 268.39 | 270.34 | 265.07 | 39765027 | 10668718194 | 0.00 |
| 2025-02-28 | 271.45 | 263.27 | 272.32 | 261.25 | 43609287 | 11627206657 | 0.00 |
| 2025-02-21 | 269.68 | 270.74 | 271.84 | 269.24 | 33802732 | 9148842472 | 0.00 |
| 2025-02-14 | 268 | 266.29 | 270.39 | 265.45 | 49642628 | 13296993774 | 0.00 |
| 2025-02-07 | 259.75 | 263.9 | 266.35 | 259.52 | 51938107 | 13658739187 | 0.00 |
| 2025-01-31 | 253.86 | 258.56 | 259.99 | 251.92 | 38750278 | 9932596227 | 0.00 |
| 2025-01-24 | 251.95 | 255.65 | 257.07 | 251.83 | 26734759 | 6797022190 | 0.00 |
| 2025-01-17 | 246.34 | 249.27 | 251.39 | 245.15 | 37257261 | 9257802518 | 0.00 |
| 2025-01-10 | 242.33 | 248.21 | 249.04 | 242.05 | 27532701 | 6782763976 | 0.00 |
| 2025-01-03 | 241.08 | 243.49 | 245.53 | 239.58 | 17162086 | 4175602921 | 0.00 |
| 2024-12-27 | 241.6 | 241.4 | 243.56 | 240.65 | 17636724 | 4263086052 | 0.00 |
| 2024-12-20 | 245.41 | 242.1 | 245.54 | 238.73 | 33388596 | 8073298644 | 0.00 |
| 2024-12-13 | 246.28 | 244.29 | 251.26 | 244.27 | 37139451 | 9208954444 | 0.00 |
| 2024-12-06 | 244.46 | 242.95 | 245.34 | 242.15 | 21278308 | 5188677137 | 0.00 |
| 2024-11-29 | 244.27 | 245.59 | 245.81 | 241.48 | 25318087 | 6162079232 | 0.00 |
| 2024-11-22 | 240.46 | 249.84 | 250.39 | 240.45 | 34872218 | 8544551727 | 0.00 |
| 2024-11-15 | 242.73 | 236.59 | 242.73 | 236.13 | 45792960 | 10959178735 | 0.00 |
| 2024-11-08 | 253.32 | 247.96 | 253.99 | 244.95 | 40300897 | 10029372272 | 0.00 |
| 2024-11-01 | 253.01 | 252.47 | 257.71 | 252.2 | 35694615 | 9088953314 | 0.00 |
| 2024-10-25 | 252.74 | 253.32 | 253.94 | 250.2 | 33482532 | 8446297219 | 0.00 |
| 2024-10-18 | 245.16 | 251.27 | 251.37 | 244.26 | 28005446 | 6942214739 | 0.00 |
| 2024-10-11 | 244.58 | 245.47 | 245.92 | 240.63 | 26221555 | 6372971009 | 0.00 |
| 2024-10-04 | 243.97 | 245 | 246.98 | 242.5 | 35949760 | 8808773815 | 0.00 |
| 2024-09-27 | 242.97 | 245.02 | 247.37 | 242.59 | 36576658 | 8964589872 | 0.00 |
| 2024-09-20 | 238.73 | 242.21 | 242.63 | 235.3 | 34897416 | 8337209134 | 0.00 |
| 2024-09-13 | 231.26 | 238.68 | 238.98 | 230.39 | 29964531 | 7035305945 | 0.00 |
| 2024-09-06 | 230.38 | 230.63 | 232.89 | 228.52 | 22267834 | 5138166110 | 0.00 |
| 2024-08-30 | 233.45 | 231.29 | 233.61 | 230.55 | 23815596 | 5531118545 | 0.00 |
| 2024-08-23 | 230.15 | 232.02 | 234.01 | 228.26 | 30759356 | 7121052203 | 0.00 |
| 2024-08-16 | 226.14 | 231.99 | 232.02 | 225.12 | 34961838 | 7986353024 | 0.00 |
| 2024-08-09 | 220.56 | 224.56 | 225.28 | 220.11 | 39357166 | 8739436649 | 0.00 |
| 2024-08-02 | 221.26 | 225.34 | 228.76 | 219.05 | 35247751 | 7909209241 | 0.00 |
| 2024-07-26 | 221.58 | 220.63 | 224.88 | 217.52 | 32714381 | 7222685211 | 0.00 |
| 2024-07-19 | 223.39 | 221.73 | 229.65 | 221.41 | 39561928 | 8931306339 | 0.00 |
| 2024-07-12 | 219.64 | 223.11 | 224.15 | 217.27 | 29754769 | 6573611534 | 0.00 |
| 2024-07-05 | 215.25 | 220.93 | 221.28 | 214.49 | 19725456 | 4292798518 | 0.00 |
| 2024-06-28 | 215.55 | 215.01 | 215.94 | 212.12 | 22097882 | 4742595065 | 0.00 |
| 2024-06-21 | 214.9 | 214.78 | 218.74 | 213.6 | 25025001 | 5402698548 | 0.00 |
| 2024-06-14 | 213.13 | 215.73 | 216.55 | 212.26 | 27073204 | 5806114273 | 0.00 |
| 2024-06-07 | 215.92 | 211.6 | 219.97 | 211.54 | 34640180 | 7472921412 | 0.00 |
| 2024-05-31 | 218.43 | 215.3 | 218.59 | 214.65 | 16683122 | 3613981681 | 0.00 |
| 2024-05-24 | 223.79 | 215.92 | 225.66 | 215.66 | 32646880 | 7185999141 | 0.00 |
| 2024-05-17 | 217.06 | 223.66 | 223.85 | 215.8 | 33640326 | 7403983423 | 0.00 |
| 2024-05-10 | 215.14 | 218.71 | 219.6 | 213.5 | 33397334 | 7215707403 | 0.00 |
| 2024-05-03 | 216.02 | 212.96 | 217.22 | 210.71 | 42999242 | 9177099213 | 0.00 |
| 2024-04-26 | 216.35 | 216.62 | 217.07 | 213.87 | 42750673 | 9220147795 | 0.00 |
| 2024-04-19 | 217.94 | 221.03 | 222.36 | 215.16 | 50691981 | 11156222991 | 0.00 |
| 2024-04-12 | 215.98 | 216.89 | 225.09 | 214.61 | 79042203 | 17255537511 | 0.00 |
| 2024-04-05 | 208.68 | 215.14 | 215.74 | 206.29 | 64204404 | 13558548774 | 0.00 |
| 2024-03-28 | 201.19 | 205.72 | 206.05 | 200.97 | 25022880 | 5086139221 | 0.00 |
| 2024-03-22 | 199.66 | 200.35 | 203.92 | 198.94 | 35773152 | 7181688710 | 0.00 |
| 2024-03-15 | 201.71 | 199.71 | 202.41 | 199.16 | 34117890 | 6844177855 | 0.00 |
| 2024-03-08 | 194.15 | 201.63 | 203.3 | 193.88 | 54291690 | 10783130165 | 0.00 |
| 2024-03-01 | 187.79 | 192.89 | 193.4 | 187.53 | 32741080 | 6224280458 | 0.00 |
| 2024-02-23 | 187.96 | 188.62 | 189.18 | 187.05 | 22699197 | 4263009188 | 0.00 |
| 2024-02-16 | 186.6 | 186.34 | 187.27 | 183.78 | 34010994 | 6303650541 | 0.00 |
| 2024-02-09 | 186.88 | 187.6 | 189.39 | 186.7 | 24865162 | 4676417915 | 0.00 |
| 2024-02-02 | 188.31 | 188.61 | 191.36 | 187.19 | 36107979 | 6830303320 | 0.00 |
| 2024-01-26 | 187.23 | 187.01 | 188.37 | 186.32 | 25239530 | 4724315174 | 0.00 |
| 2024-01-19 | 189.15 | 187.93 | 189.26 | 185.45 | 25596120 | 4790865882 | 0.00 |
| 2024-01-12 | 187.21 | 189.71 | 191.08 | 186.56 | 28821727 | 5428007350 | 0.00 |
| 2024-01-05 | 191.44 | 189.35 | 191.89 | 188.16 | 26585840 | 5044427069 | 0.00 |
| 2023-12-29 | 190.97 | 191.17 | 193.18 | 190.4 | 21099814 | 4047178620 | 0.00 |
| 2023-12-22 | 187.5 | 190.27 | 191.88 | 187.24 | 29182233 | 5520503955 | 0.00 |
| 2023-12-15 | 184.5 | 187 | 189.82 | 183.15 | 41643919 | 7755245123 | 0.00 |
| 2023-12-08 | 189.6 | 185.64 | 190.38 | 184.9 | 44952099 | 8428985570 | 0.00 |
| 2023-12-01 | 186.56 | 192.01 | 192.4 | 185.93 | 49915257 | 9454930247 | 0.00 |
| 2023-11-24 | 182.32 | 185.52 | 186.12 | 182.23 | 19499110 | 3601368377 | 0.00 |
| 2023-11-17 | 179.4 | 183.67 | 184.32 | 179.11 | 30251591 | 5518910037 | 0.00 |
| 2023-11-10 | 184.14 | 179.51 | 184.23 | 179.25 | 35906669 | 6526195466 | 0.00 |
| 2023-11-03 | 185.54 | 184.79 | 186.21 | 182.67 | 43783634 | 8078779783 | 0.00 |
| 2023-10-27 | 183.51 | 186.15 | 186.36 | 181.68 | 47931654 | 8811411012 | 0.00 |
| 2023-10-20 | 177.84 | 183.59 | 185.23 | 177.54 | 56730314 | 10278406365 | 0.00 |
| 2023-10-13 | 171.18 | 178.83 | 179.1 | 171.08 | 47889092 | 8378832801 | 0.00 |
| 2023-10-06 | 170.23 | 169.7 | 170.46 | 168.3 | 51119119 | 8657171100 | 0.00 |
| 2023-09-29 | 178.41 | 171.45 | 178.71 | 171.27 | 44172033 | 7700839364 | 0.00 |
| 2023-09-22 | 178.82 | 178.62 | 180.66 | 177.69 | 29815047 | 5340615191 | 0.00 |
| 2023-09-15 | 178.97 | 178.34 | 179.11 | 176.36 | 23814578 | 4232743175 | 0.00 |
| 2023-09-08 | 179.33 | 178.08 | 179.44 | 177.7 | 20034970 | 3573526968 | 0.00 |
| 2023-09-01 | 177.65 | 180.11 | 181.12 | 177.51 | 28677373 | 5153969727 | 0.00 |
| 2023-08-25 | 175.9 | 177.62 | 178.49 | 174.96 | 29707311 | 5260460229 | 0.00 |
| 2023-08-18 | 176.86 | 175.33 | 177.58 | 174.93 | 37887297 | 6678205526 | 0.00 |
| 2023-08-11 | 180.15 | 177.6 | 180.15 | 177.49 | 26541577 | 4735545978 | 0.00 |
| 2023-08-04 | 182.43 | 180.19 | 183.09 | 179.28 | 28100090 | 5074925666 | 0.00 |
| 2023-07-28 | 182.22 | 181.86 | 183.64 | 180.32 | 26040556 | 4734402897 | 0.00 |
| 2023-07-21 | 180.99 | 182.18 | 184.23 | 180.64 | 25125298 | 4593492754 | 0.00 |
| 2023-07-14 | 178.37 | 181.43 | 182.17 | 178.26 | 23119985 | 4184738603 | 0.00 |
| 2023-07-07 | 178.61 | 178.64 | 179.65 | 176.66 | 20071904 | 3579046269 | 0.00 |
| 2023-06-30 | 179.05 | 178.27 | 179.29 | 175.79 | 27409122 | 4870095052 | 0.00 |
| 2023-06-23 | 180.06 | 178.2 | 180.09 | 177.63 | 27656917 | 4949076453 | 0.00 |
| 2023-06-16 | 181.8 | 181.63 | 182.62 | 180.14 | 32327244 | 5865334172 | 0.00 |
| 2023-06-09 | 180.79 | 182.04 | 183.04 | 180.15 | 30558185 | 5557908402 | 0.00 |
| 2023-06-02 | 181.72 | 181.05 | 184.21 | 180.96 | 29430612 | 5372347984 | 0.00 |
| 2023-05-26 | 183.22 | 180.92 | 183.84 | 180.09 | 30655098 | 5579281757 | 0.00 |
| 2023-05-19 | 187.3 | 183.64 | 187.88 | 181.34 | 39767736 | 7324865261 | 0.00 |
| 2023-05-12 | 187.82 | 186.81 | 189.64 | 186.58 | 37899333 | 7125455181 | 0.00 |
| 2023-05-05 | 186.05 | 187.46 | 191.36 | 183.91 | 59341305 | 11128675844 | 0.00 |
| 2023-04-28 | 184.07 | 184.8 | 186.65 | 183.38 | 40766767 | 7534092361 | 0.00 |
| 2023-04-21 | 185.89 | 184.25 | 187.03 | 183.22 | 39387121 | 7296488294 | 0.00 |
| 2023-04-14 | 185.18 | 186.36 | 190.41 | 184.19 | 49773203 | 9318536983 | 0.00 |
| 2023-04-06 | 183.85 | 186.49 | 188.86 | 183.32 | 41061251 | 7668308371 | 0.00 |
| 2023-03-31 | 181.15 | 183.22 | 184.44 | 180.69 | 32487766 | 5943969576 | 0.00 |
| 2023-03-24 | 184.19 | 183.65 | 186.24 | 179.9 | 55149956 | 10109377608 | 0.00 |
| 2023-03-17 | 176.66 | 183.77 | 184.81 | 176.21 | 80040682 | 14363420677 | 0.00 |
| 2023-03-10 | 172.32 | 173.87 | 173.88 | 168.52 | 38082404 | 6512327215 | 0.00 |
| 2023-03-03 | 168.88 | 172.49 | 172.6 | 168.55 | 28707936 | 4896349787 | 0.00 |
| 2023-02-24 | 171.2 | 168.35 | 171.5 | 168.19 | 19711583 | 3342258827 | 0.00 |
| 2023-02-17 | 172.7 | 171.26 | 173.51 | 169.52 | 24159419 | 4141244355 | 0.00 |
| 2023-02-10 | 174.11 | 173.36 | 175.52 | 172.63 | 28159219 | 4897361927 | 0.00 |
| 2023-02-03 | 179.29 | 173.46 | 181.73 | 173.12 | 40700456 | 7225411129 | 0.00 |
| 2023-01-27 | 178.35 | 179.22 | 181.22 | 177.78 | 28708340 | 5153696509 | 0.00 |
| 2023-01-20 | 178.21 | 179.29 | 180.03 | 176.9 | 24429003 | 4358971499 | 0.00 |
| 2023-01-13 | 174.51 | 178.76 | 178.83 | 173.72 | 27312802 | 4804326702 | 0.00 |
| 2023-01-06 | 171.32 | 173.71 | 173.96 | 169.79 | 28149124 | 4841432729 | 0.00 |
| 2022-12-30 | 167.89 | 169.64 | 170.61 | 167.1 | 16758500 | 2829654735 | 0.00 |
| 2022-12-23 | 166.71 | 167.26 | 169.71 | 165.99 | 24318659 | 4082588376 | 0.00 |
| 2022-12-16 | 166.44 | 166.79 | 169.79 | 165.1 | 29640449 | 4950806892 | 0.00 |
| 2022-12-09 | 166.55 | 167.06 | 168.09 | 164.32 | 22293776 | 3701622607 | 0.00 |
| 2022-12-02 | 162.93 | 167.26 | 167.95 | 161.91 | 25361022 | 4194191663 | 0.00 |
| 2022-11-25 | 162.44 | 163.22 | 163.43 | 161.28 | 13573862 | 2201675171 | 0.00 |
| 2022-11-18 | 164.2 | 162.79 | 166.23 | 162.68 | 28636096 | 4712229627 | 0.00 |
| 2022-11-11 | 156.22 | 164.56 | 164.58 | 155.81 | 36328252 | 5823518335 | 0.00 |
| 2022-11-04 | 152.16 | 156.47 | 156.6 | 150.57 | 30992524 | 4758246045 | 0.00 |
| 2022-10-28 | 153.45 | 153.16 | 155.73 | 152.5 | 20858694 | 3214093348 | 0.00 |
| 2022-10-21 | 154.92 | 154.15 | 155.33 | 151.27 | 29051745 | 4442386484 | 0.00 |
| 2022-10-14 | 155.94 | 152.98 | 156.81 | 152.72 | 27974354 | 4331813209 | 0.00 |
| 2022-10-07 | 155.44 | 157.88 | 161.08 | 155.23 | 34425705 | 5468809646 | 0.00 |
| 2022-09-30 | 153.22 | 154.67 | 156.05 | 151.03 | 37518505 | 5759383202 | 0.00 |
| 2022-09-23 | 154.87 | 153.01 | 157.25 | 152.64 | 34915790 | 5408939701 | 0.00 |
| 2022-09-16 | 161.04 | 155.84 | 161.62 | 154.34 | 37477416 | 5892841119 | 0.00 |
| 2022-09-09 | 159.17 | 159.82 | 160.24 | 158.08 | 17380135 | 2767251385 | 0.00 |
| 2022-09-02 | 161.88 | 159.26 | 162.62 | 157.32 | 27585136 | 4407584660 | 0.00 |
| 2022-08-26 | 161.66 | 161.76 | 163.99 | 161.36 | 21632346 | 3517444634 | 0.00 |
| 2022-08-19 | 165.99 | 162.72 | 166.25 | 162.62 | 26915933 | 4424598215 | 0.00 |
| 2022-08-12 | 166.03 | 167.87 | 167.98 | 165.93 | 20337723 | 3397831980 | 0.00 |
| 2022-08-05 | 164.98 | 165.29 | 167.31 | 163.48 | 26335350 | 4353601241 | 0.00 |
| 2022-07-29 | 160.64 | 164.1 | 164.69 | 159.51 | 25238874 | 4095872384 | 0.00 |
| 2022-07-22 | 160.08 | 160.67 | 162.13 | 158.03 | 25980909 | 4150841716 | 0.00 |
| 2022-07-15 | 161.93 | 159.01 | 162.71 | 158.22 | 37150779 | 5953743644 | 0.00 |
| 2022-07-08 | 167.18 | 162.3 | 167.33 | 161.47 | 35069100 | 5734427176 | 0.00 |
| 2022-07-01 | 170.6 | 168.32 | 170.7 | 166.96 | 34014433 | 5743934102 | 0.00 |
| 2022-06-24 | 171.06 | 170.09 | 172.3 | 169.85 | 24845483 | 4246118646 | 0.00 |
| 2022-06-17 | 171.18 | 171.27 | 172.77 | 168.3 | 45844253 | 7823126445 | 0.00 |
| 2022-06-10 | 172.81 | 174.54 | 174.94 | 170.46 | 34324174 | 5938672314 | 0.00 |
| 2022-06-03 | 172.71 | 172.58 | 174.45 | 171.08 | 24333019 | 4201635384 | 0.00 |
| 2022-05-27 | 173.13 | 172.85 | 174.41 | 171.73 | 27223264 | 4711305848 | 0.00 |
| 2022-05-20 | 168.43 | 172.03 | 172.52 | 168.34 | 38391560 | 6548857333 | 0.00 |
| 2022-05-13 | 174.27 | 168.79 | 174.27 | 168.01 | 55590298 | 9527974332 | 0.00 |
| 2022-05-06 | 173.61 | 175.42 | 177.61 | 172.98 | 52462058 | 9171790824 | 0.00 |
| 2022-04-29 | 177.17 | 176.91 | 178.62 | 175.5 | 45075276 | 7975918797 | 0.00 |
| 2022-04-22 | 185.95 | 180.29 | 186.1 | 179.74 | 47297744 | 8623908434 | 0.00 |
| 2022-04-14 | 183.17 | 184.04 | 184.94 | 181.11 | 42314692 | 7768225632 | 0.00 |
| 2022-04-08 | 180.24 | 181.47 | 181.82 | 178.7 | 47630042 | 8589120929 | 0.00 |
| 2022-04-01 | 180.38 | 179.5 | 181.96 | 176.69 | 51188731 | 9209227821 | 0.00 |
| 2022-03-25 | 179.33 | 182.38 | 183.51 | 178.32 | 51645352 | 9354607893 | 0.00 |
| 2022-03-18 | 183.03 | 179.3 | 183.29 | 176.87 | 72647343 | 13088970206 | 0.00 |
| 2022-03-11 | 184.45 | 185.09 | 193.3 | 183.44 | 2902645777 | 51846575055995 | 0.00 |
| 2022-03-04 | 178.86 | 183.68 | 183.98 | 176.5 | 9484253400 | 171185888360000 | 0.00 |
| 2022-02-25 | 177.67 | 176.55 | 182.6 | 175.27 | 7079154300 | 125770160410000 | 0.00 |
| 2022-02-18 | 173.78 | 177.12 | 177.53 | 172.39 | 7031074500 | 123255784840000 | 0.00 |
| 2022-02-11 | 169.45 | 173.81 | 174.2 | 169.19 | 5796491600 | 99506544440000 | 0.00 |
| 2022-02-04 | 167.79 | 168.86 | 169.12 | 167.03 | 4760755900 | 80164493020000 | 0.00 |
| 2022-01-28 | 171.78 | 167.1 | 173.15 | 166.37 | 7634498300 | 129691613880000 | 0.00 |
| 2022-01-21 | 169.64 | 171.09 | 172.6 | 169.09 | 4554029700 | 77963230910000 | 0.00 |
| 2022-01-14 | 167.36 | 169.67 | 170.75 | 167.31 | 3652621300 | 61936066480000 | 0.00 |
| 2022-01-07 | 168.86 | 167.75 | 170.93 | 166.86 | 4375743800 | 73680480970000 | 0.00 |
| 2021-12-31 | 168.96 | 170.96 | 171.04 | 167.28 | 0 | 0 | 0.00 |
| 2021-12-23 | 167.88 | 168.97 | 169.16 | 166.74 | 0 | 0 | 0.00 |
| 2021-12-17 | 166.9 | 167.8 | 169.13 | 163.8 | 0 | 0 | 0.00 |
| 2021-12-10 | 166.14 | 166.58 | 167.08 | 165.65 | 0 | 0 | 0.00 |
| 2021-12-03 | 166.84 | 166.63 | 169.01 | 164.63 | 0 | 0 | 0.00 |
| 2021-11-26 | 169.9 | 166.85 | 170.44 | 166.32 | 0 | 0 | 0.00 |
| 2021-11-19 | 174.1 | 172.61 | 174.61 | 172.24 | 0 | 0 | 0.00 |
| 2021-11-12 | 170.43 | 174.45 | 174.67 | 170.06 | 0 | 0 | 0.00 |
| 2021-11-05 | 167.38 | 169.84 | 169.94 | 164.38 | 0 | 0 | 0.00 |
| 2021-10-29 | 168.66 | 166.65 | 169.25 | 165.64 | 0 | 0 | 0.00 |
| 2021-10-22 | 165.42 | 167.77 | 169.54 | 164.81 | 0 | 0 | 0.00 |
| 2021-10-15 | 164.04 | 165.33 | 168.22 | 163.91 | 0 | 0 | 0.00 |
| 2021-10-08 | 163.69 | 164.23 | 166.42 | 163.47 | 0 | 0 | 0.00 |
| 2021-10-01 | 163.85 | 164.59 | 164.96 | 160.97 | 0 | 0 | 0.00 |
| 2021-09-24 | 164.29 | 163.3 | 167.15 | 162.74 | 0 | 0 | 0.00 |
| 2021-09-17 | 167.45 | 163.77 | 169.16 | 163.23 | 0 | 0 | 0.00 |
| 2021-09-10 | 169.56 | 167.18 | 169.78 | 166.7 | 0 | 0 | 0.00 |
| 2021-09-03 | 169.66 | 171.06 | 171.55 | 168.75 | 0 | 0 | 0.00 |
| 2021-08-27 | 168.82 | 170.19 | 170.19 | 166.74 | 0 | 0 | 0.00 |
| 2021-08-20 | 166.73 | 166.7 | 167.73 | 166.16 | 0 | 0 | 0.00 |
| 2021-08-13 | 163.01 | 166.39 | 166.46 | 160.68 | 0 | 0 | 0.00 |
| 2021-08-06 | 169.3 | 164.64 | 171.4 | 164.55 | 0 | 0 | 0.00 |
| 2021-07-30 | 170.72 | 169.82 | 170.99 | 169.38 | 0 | 0 | 0.00 |
