date,open,high,low,close,volume
2010-03-19,58.0,61.18,55.38,55.62,255819
2010-03-26,55.16,65.89,55.13,63.97,166588
2010-04-02,64.55,70.7,62.03,65.84,117909
2010-04-09,66.04,70.98,65.0,67.0,82988
2010-04-16,67.0,68.15,58.46,60.11,84576
2010-04-23,60.11,65.54,57.52,63.0,58871
2010-04-30,63.0,65.63,56.0,59.29,44723
2010-05-07,58.0,61.44,56.35,60.28,19293
2010-05-14,61.58,61.58,46.58,49.6,34721
2010-05-21,48.01,49.96,45.71,49.81,26810
2010-05-28,50.0,54.68,50.0,53.2,33874
2010-06-04,53.18,53.18,47.4,51.0,20255
2010-06-11,49.98,55.74,49.3,55.39,29701
2010-06-18,54.25,55.5,47.94,49.15,34318
2010-06-25,48.55,51.63,47.7,50.85,29233
2010-07-02,50.8,50.99,43.3,45.39,27664
2010-07-09,44.93,51.8,43.65,51.55,33941
2010-07-16,50.88,51.8,48.7,51.28,29038
2010-07-23,50.31,53.17,50.28,51.71,35321
2010-07-30,51.61,54.87,51.61,53.92,27326
2010-08-06,54.18,56.08,52.05,56.01,31832
2010-08-13,56.08,61.56,55.82,61.39,48982
2010-08-20,61.4,66.57,61.25,63.0,40222
2010-08-27,62.8,65.99,62.7,63.88,25678
2010-09-03,63.92,68.8,63.91,66.2,40063
2010-09-10,66.0,71.15,63.96,70.5,35755
2010-09-17,70.9,81.7,70.5,77.26,80174
2010-09-21,77.24,77.25,73.6,74.51,10716
2010-09-30,76.75,78.0,71.98,72.2,19586
2010-10-08,73.15,79.42,72.6,78.51,8850
2010-10-15,78.51,79.0,68.9,70.44,26338
2010-10-22,69.4,74.6,66.06,73.36,19241
2010-10-29,73.68,82.98,73.68,80.2,27377
2010-11-05,80.4,87.95,78.65,86.49,20647
2010-11-12,87.65,97.0,86.51,90.0,32304
2010-11-19,90.03,93.0,84.0,92.05,24663
2010-11-26,92.0,102.98,91.0,99.6,26720
2010-12-03,99.88,101.79,95.11,96.97,15067
2010-12-10,97.0,110.56,95.0,109.98,21029
2010-12-17,111.43,112.0,107.0,108.1,15688
2010-12-24,108.0,111.5,101.12,105.0,19117
2010-12-31,105.99,111.0,94.52,108.8,25359
2011-01-07,108.89,111.0,102.01,102.92,12150
2011-01-14,102.9,104.88,94.11,94.2,12435
2011-01-21,94.0,94.0,78.0,79.8,28696
2011-01-28,80.01,83.86,75.44,83.41,14787
2011-02-01,83.9,87.47,82.8,86.0,5381
2011-02-10,85.8,88.8,84.68,88.8,4669
2011-02-18,90.1,100.49,88.8,98.81,16614
2011-02-25,98.81,109.0,94.04,94.29,45660
2011-03-04,93.99,95.97,88.88,91.35,24729
2011-03-11,91.97,93.0,86.6,91.51,22130
2011-03-18,92.0,92.5,85.25,87.42,12867
2011-03-25,86.58,95.58,86.2,95.04,19717
2011-04-01,94.8,95.28,85.0,85.81,12973
2011-04-08,85.81,87.3,84.5,86.87,4206
2011-04-15,86.58,87.67,81.0,85.36,10601
2011-04-22,85.35,85.6,82.76,84.67,7301
2011-04-29,84.6,84.6,77.05,79.77,9603
2011-05-06,81.45,83.46,80.0,81.03,6610
2011-05-13,81.18,87.23,76.5,78.0,26270
2011-05-20,77.99,79.2,71.88,72.38,11399
2011-05-27,72.0,72.02,65.04,65.25,9641
2011-06-03,64.69,66.79,63.8,65.7,6902
2011-06-10,65.6,69.0,64.92,65.13,9100
2011-06-16,64.6,65.77,64.0,64.88,3333
2011-06-24,64.8,66.4,60.99,65.7,6655
2011-07-01,65.5,71.6,65.02,70.118,9765
2011-07-08,70.82,78.75,70.001,77.554,18464
2011-07-15,76.176,81.064,74.2,80.089,15402
2011-07-22,81.077,82.13,77.658,79.66,10678
2011-07-29,79.725,81.454,72.185,73.264,15392
2011-08-05,73.251,75.63,72.003,73.81,8356
2011-08-12,72.926,79.205,66.621,78.165,19622
2011-08-19,78.815,86.55,77.06,85.25,31606
2011-08-26,84.99,88.058,82.715,86.849,21257
2011-09-02,86.329,87.72,78.113,78.867,14645
2011-09-09,78.113,81.324,77.008,79.153,8233
2011-09-16,76.943,79.244,76.54,77.84,5762
2011-09-23,77.853,81.376,76.15,78.763,7415
2011-09-30,78.1,78.776,71.73,75.5,5470
2011-10-14,76.293,77.697,72.965,76.176,4944
2011-10-21,71.6,75.331,69.0,73.173,2523
2011-10-28,71.6,75.37,67.544,74.98,8810
2011-11-04,75.045,80.024,70.3,76.644,26725
2011-11-11,76.15,76.8,73.407,74.512,12766
2011-11-17,74.694,82.949,74.694,81.74,20522
2011-11-25,80.44,81.987,77.45,78.75,16128
2011-12-02,78.724,79.907,72.9,74.109,12388
2011-12-09,72.952,74.46,70.404,72.887,5653
2011-12-16,72.887,74.174,66.829,69.234,5980
2011-12-23,69.247,73.875,66.439,67.726,8824
2011-12-30,67.7,68.584,59.185,62.5,9460
2012-01-06,63.644,67.7,60.043,65.048,16326
2012-01-13,64.84,70.3,64.45,65.269,27563
2012-01-20,64.268,67.687,60.069,65.334,13954
2012-02-03,65.282,68.064,62.565,67.882,18069
2012-02-10,68.09,72.718,67.96,69.988,43086
2012-02-17,69.0,70.664,67.7,68.805,31856
2012-02-24,69.65,72.575,69.013,71.743,33839
2012-03-01,71.743,74.46,70.885,71.106,26221
2012-03-09,72.848,76.215,72.419,75.565,30819
2012-03-16,75.214,78.75,68.74,72.965,46757
2012-03-23,72.263,74.824,68.753,69.52,25390
2012-03-30,69.637,70.885,61.07,62.123,27604
2012-04-06,61.117,70.219,61.117,68.628,19075
2012-04-13,67.833,69.026,64.065,68.909,19860
2012-04-20,68.558,71.74,67.388,70.664,33511
2012-04-27,70.43,72.068,63.176,65.516,35232
2012-05-04,66.92,69.471,65.516,68.16,13114
2012-05-11,68.16,68.792,63.855,65.75,19869
2012-05-18,65.75,66.288,62.006,63.293,12022
2012-05-25,62.895,64.58,59.947,60.321,17096
2012-06-01,60.415,62.965,58.73,61.983,16503
2012-06-08,61.07,62.661,60.087,61.515,13521
2012-06-15,61.515,67.084,61.515,65.446,27174
2012-06-21,66.335,66.686,63.995,65.516,12927
2012-06-29,65.048,65.61,60.134,62.614,11869
2012-07-06,63.129,67.482,62.17,66.897,20707
2012-07-13,66.897,69.915,64.58,68.441,22645
2012-07-20,68.324,68.324,65.048,66.101,16192
2012-07-27,66.171,66.756,62.451,64.252,9579
2012-08-03,63.691,64.791,62.17,64.323,4442
2012-08-10,63.855,69.237,63.855,68.815,13998
2012-08-17,68.675,72.162,66.967,70.102,22298
2012-08-24,69.962,72.068,66.756,68.09,16289
2012-08-31,67.107,69.471,65.399,68.324,17602
2012-09-07,68.792,71.6,68.394,70.828,20207
2012-09-14,70.828,77.45,70.196,76.023,45211
2012-09-21,75.344,76.631,68.581,70.29,32392
2012-09-28,69.751,71.6,68.371,71.366,11647
2012-10-12,71.389,71.928,69.26,69.681,9928
2012-10-19,69.26,72.068,68.792,71.062,6026
2012-10-26,70.781,71.366,67.365,67.365,6272
2012-11-02,68.792,68.792,65.89,68.043,7266
2012-11-09,67.622,68.184,65.75,66.639,6863
2012-11-16,66.358,67.131,63.48,65.75,5336
2012-11-23,65.048,66.639,61.117,65.165,3924
2012-11-30,64.58,65.282,54.19,56.671,9828
2012-12-07,58.028,62.942,56.39,62.474,21666
2012-12-14,63.784,65.633,61.304,65.633,14993
2012-12-21,66.569,67.833,64.463,67.833,8967
2012-12-28,67.177,74.174,67.177,73.729,45915
2013-01-04,74.127,77.169,72.887,74.689,23964
2013-01-11,74.689,76.865,71.366,76.818,39046
2013-01-18,77.169,81.428,74.876,78.129,36760
2013-01-25,78.129,80.445,75.344,79.088,23648
2013-02-01,80.024,84.587,77.169,84.025,38961
2013-02-08,82.832,89.15,82.832,87.138,28162
2013-02-22,88.003,88.05,81.171,82.06,23497
2013-03-01,82.06,84.353,80.281,84.002,21507
2013-03-08,84.353,86.038,80.726,84.54,19776
2013-03-15,83.674,84.283,77.871,79.65,10064
2013-03-22,78.737,89.15,76.982,88.799,65733
2013-03-29,87.746,89.478,85.429,89.337,22774
2013-04-03,88.846,88.846,82.528,83.511,10689
2013-04-12,83.487,86.459,79.088,81.592,17462
2013-04-19,81.662,82.715,76.982,81.849,24461
2013-04-26,81.124,85.874,80.258,84.657,26266
2013-05-03,84.704,85.57,84.025,85.289,6961
2013-05-10,84.61,97.855,84.61,96.638,90502
2013-05-17,95.562,100.756,93.034,97.574,130787
2013-05-24,95.983,102.02,95.468,101.037,85419
2013-05-31,101.318,101.786,95.468,99.446,85584
2013-06-07,99.306,99.446,89.758,92.192,69378
2013-06-14,90.648,91.49,87.044,90.554,12953
2013-06-21,93.081,93.081,84.704,89.384,40283
2013-06-28,89.056,93.128,83.768,92.66,85419
2013-07-05,92.192,95.187,90.086,90.226,31567
2013-07-12,89.431,91.864,82.692,89.852,34921
2013-07-19,89.384,91.958,85.172,87.231,31277
2013-07-26,86.389,92.192,85.5,90.32,37495
2013-08-02,90.975,90.975,81.849,85.64,31770
2013-08-09,85.453,96.404,84.704,92.941,58924
2013-08-16,92.005,96.17,84.704,86.108,54426
2013-08-23,85.64,90.788,84.751,86.061,30991
2013-08-30,86.061,86.857,84.002,84.236,30795
2013-09-06,84.189,88.074,83.815,86.014,48036
2013-09-13,86.108,86.904,80.679,83.253,62008
2013-09-18,82.738,82.738,77.778,79.416,79525
2013-09-27,79.603,83.113,79.603,81.896,142334
2013-09-30,82.224,84.704,82.224,84.564,18142
2013-10-11,84.283,91.677,83.768,89.15,87372
2013-10-18,88.776,89.29,83.3,86.202,60152
2013-10-25,85.874,95.0,85.312,92.192,155278
2013-11-01,89.337,93.034,86.576,87.933,65977
2013-11-08,87.933,88.12,81.475,81.849,40223
2013-11-15,81.896,88.167,79.603,87.512,60276
2013-11-22,87.138,88.916,84.283,84.376,68340
2013-11-29,84.142,107.542,83.721,106.7,418318
2013-12-06,103.424,112.644,96.076,97.714,238095
2013-12-13,98.557,100.616,96.404,99.025,107695
2013-12-20,98.697,101.084,92.707,97.808,160376
2013-12-27,97.34,110.163,93.409,107.73,199182
2014-01-03,107.262,107.636,100.429,101.084,97695
2014-01-10,101.084,102.862,94.064,95.047,78826
2014-01-17,95.0,101.318,91.724,97.808,84302
2014-01-24,97.714,106.7,94.485,105.39,113131
2014-01-30,104.875,112.55,102.441,107.636,102899
2014-02-07,105.858,108.338,104.454,106.7,25207
2014-02-14,106.84,121.208,106.84,117.885,230209
2014-02-21,117.792,125.514,116.013,120.272,171108
2014-02-28,118.4,118.4,100.195,104.032,174400
2014-03-07,104.781,110.725,103.705,104.407,91061
2014-03-14,103.424,103.424,93.83,95.702,89420
2014-03-21,95.655,97.808,85.312,89.384,210514
2014-03-28,89.618,91.162,80.539,84.704,169685
2014-04-04,84.096,93.97,83.066,93.175,219172
2014-04-11,93.128,95.14,91.771,92.66,73955
2014-04-18,92.754,100.148,91.958,97.714,144004
2014-04-25,97.34,99.68,91.958,94.251,103593
2014-04-30,93.175,94.251,89.384,92.988,31517
2014-05-09,92.426,93.456,85.453,87.746,80641
2014-05-16,87.652,89.384,82.738,85.078,87587
2014-05-23,85.172,86.67,81.662,86.202,74602
2014-05-30,86.108,93.081,84.844,91.771,130207
2014-06-06,91.677,92.426,83.815,85.734,100661
2014-06-13,85.219,86.857,84.47,86.623,62911
2014-06-20,87.044,90.32,84.376,85.874,70074
2014-06-27,85.874,92.66,84.844,91.256,145429
2014-07-04,91.49,96.17,91.069,94.672,145865
2014-07-11,94.953,97.948,92.707,94.111,132117
2014-07-18,93.596,103.892,93.596,100.85,145378
2014-07-25,100.99,103.377,93.034,95.0,136227
2014-08-01,95.796,100.616,92.192,99.212,149598
2014-08-08,99.212,103.845,98.51,100.756,111957
2014-08-15,100.756,106.934,100.195,104.5,111192
2014-08-22,104.5,110.631,102.956,110.07,151888
2014-08-29,109.789,110.772,104.36,106.7,90847
2014-09-05,106.7,113.252,106.7,112.737,123547
2014-09-12,112.41,112.41,108.806,112.082,76041
2014-09-19,111.895,112.55,102.02,106.84,146534
2014-09-26,107.402,117.698,104.922,114.516,184320
2014-09-30,114.703,119.289,114.656,118.119,44396
2014-10-10,117.932,121.676,115.639,116.996,96054
2014-10-17,117.09,120.178,112.784,118.774,176043
2014-10-24,118.774,121.629,113.346,117.792,108014
2014-10-31,117.792,125.888,115.452,120.553,127701
2014-11-07,120.646,126.028,119.476,121.536,93021
2014-11-14,121.723,122.893,114.282,115.545,88130
2014-11-21,115.592,120.646,115.077,119.383,81375
2014-11-28,119.383,124.765,117.932,123.782,112804
2014-12-05,123.642,126.028,117.37,121.91,135114
2014-12-12,122.05,130.053,113.533,130.053,144991
2014-12-19,131.925,142.97,129.632,132.3,161203
2014-12-26,132.019,132.019,124.25,131.317,136516
2014-12-31,132.019,132.768,115.639,123.08,123740
2015-01-09,122.518,122.518,114.937,117.09,136508
2015-01-16,117.136,117.37,108.385,112.082,115948
2015-01-23,109.134,120.178,109.087,117.136,110602
2015-01-30,117.136,124.999,115.358,121.114,160380
2015-02-06,119.804,120.74,114.235,116.013,84839
2015-02-13,116.013,126.356,114.422,125.982,121215
2015-02-17,125.982,138.477,125.888,133.984,202997
2015-02-27,134.031,137.12,129.585,129.632,89564
2015-03-06,132.44,143.766,130.568,132.627,231693
2015-03-13,132.674,141.192,128.462,134.078,150454
2015-03-20,134.078,142.736,131.972,138.664,255167
2015-03-27,138.524,146.714,135.997,145.544,408300
2015-04-03,145.778,149.522,140.864,147.79,371353
2015-04-10,148.726,157.993,141.894,148.492,230829
2015-04-17,150.271,152.143,135.81,141.66,232472
2015-04-24,139.928,150.13,136.652,149.382,293589
2015-04-30,149.662,175.168,147.931,172.08,345814
2015-05-08,171.986,176.338,155.372,167.306,232285
2015-05-15,167.634,182.282,164.779,173.156,250912
2015-05-22,171.752,214.714,170.863,209.426,313846
2015-05-29,207.086,242.28,202.219,226.976,361955
2015-06-05,226.976,276.49,225.104,266.241,395826
2015-06-12,263.48,283.136,246.632,279.86,222465
2015-06-19,283.136,283.136,216.306,226.274,262350
2015-06-26,226.274,231.328,189.63,189.63,140092
2015-07-03,192.812,194.918,130.568,130.568,304358
2015-07-10,137.167,143.204,95.468,127.198,658199
2015-07-17,136.652,151.722,117.698,140.49,388380
2015-07-24,140.396,167.072,132.44,153.5,320569
2015-07-31,150.271,157.665,124.531,137.12,253431
2015-08-07,135.669,144.046,117.183,136.558,180052
2015-08-14,136.886,162.392,136.886,158.461,225845
2015-08-21,155.84,170.02,132.814,144.14,248305
2015-08-28,136.652,136.652,96.919,119.336,179305
2015-09-02,117.932,117.932,90.039,90.039,100029
2015-09-11,92.192,102.254,85.874,98.744,173681
2015-09-18,99.961,100.008,79.556,87.278,168563
2015-09-25,86.482,96.076,85.172,88.729,180293
2015-09-30,88.401,92.192,87.559,91.162,53894
2016-01-15,100.195,121.021,95.468,116.388,585997
2016-01-22,113.954,137.962,112.784,122.004,765010
2016-01-29,120.553,144.608,120.366,130.568,770237
2016-02-05,127.432,133.563,110.959,127.058,538842
2016-02-19,120.272,150.084,120.272,141.145,568428
2016-02-26,145.076,148.82,110.023,117.417,477718
2016-03-04,117.37,118.494,95.983,100.335,452162
2016-03-11,99.914,105.483,94.579,99.025,223800
2016-03-18,100.85,118.4,100.148,115.826,560393
2016-03-25,115.124,135.482,114.188,125.888,709419
2016-04-01,127.292,133.376,116.668,124.11,465005
2016-04-08,124.297,128.977,114.656,117.838,304044
2016-04-15,118.587,130.194,116.528,126.496,426054
2016-04-22,125.841,125.841,101.88,106.84,390149
2016-04-29,106.466,109.368,103.798,107.308,194655
2016-05-06,106.326,124.156,106.326,115.03,466369
2016-05-11,112.69,113.252,107.402,107.496,181916
2016-05-20,106.934,112.269,97.106,109.648,124811
2016-05-27,109.087,126.356,108.712,123.314,574718
2016-06-03,124.952,156.916,122.893,150.318,1213141
2016-06-08,150.458,156.402,147.51,156.261,397458
2016-06-17,152.096,178.725,135.81,173.484,919149
2016-06-24,173.156,202.172,169.74,202.172,773573
2016-07-01,211.672,216.352,186.588,192.016,852221
2016-07-08,190.612,208.63,188.319,198.194,983441
2016-07-15,194.356,196.696,173.296,175.168,708076
2016-07-22,176.338,193.842,173.203,179.287,586867
2016-07-29,176.994,184.482,161.503,167.68,535762
2016-08-05,164.872,187.711,159.771,184.107,518325
2016-08-12,183.124,188.132,168.242,173.671,414027
2016-08-19,174.186,189.583,170.863,178.164,501749
2016-08-26,178.959,210.736,177.508,203.997,693824
2016-09-02,200.955,209.754,184.107,186.213,524363
2016-09-09,188.272,188.272,177.087,177.649,373685
2016-09-14,173.296,173.343,161.175,166.698,228187
2016-09-23,168.382,172.08,165.013,167.914,222784
2016-09-30,169.084,169.084,154.155,162.158,232557
2016-10-14,164.732,173.062,163.047,167.727,210812
2016-10-21,168.616,174.232,163.0,168.757,290530
2016-10-28,168.757,171.424,163.0,163.0,194194
2016-11-04,161.596,162.907,158.227,158.227,195818
2016-11-11,156.916,167.634,154.342,162.907,345798
2016-11-18,163.422,168.991,160.286,160.426,244846
2016-11-25,160.66,162.766,152.143,155.887,249414
2016-12-02,156.682,157.244,143.251,143.391,240766
2016-12-09,141.379,143.812,137.775,141.238,212797
2016-12-16,141.238,141.94,119.57,129.913,338535
2016-12-23,130.568,130.615,125.56,127.62,178222
2016-12-30,126.73,132.487,123.969,125.56,196332
2017-01-06,125.935,134.031,125.092,132.019,272724
2017-01-13,132.066,137.728,129.772,132.58,243192
2017-01-20,132.58,132.58,119.43,127.76,205722
2017-01-26,128.088,133.048,126.59,133.002,153728
2017-02-03,132.721,133.329,131.13,131.364,22808
2017-02-10,131.13,134.78,130.24,131.27,206790
2017-02-17,130.053,132.768,124.999,126.169,160474
2017-02-24,126.169,142.315,123.595,136.09,385112
2017-03-03,135.856,138.945,132.112,138.945,317170
2017-03-10,140.536,147.135,139.273,142.876,423619
2017-03-17,142.174,157.057,141.004,147.229,556981
2017-03-24,144.748,145.872,139.413,141.332,321696
2017-03-31,141.987,148.492,132.159,134.452,343815
2017-04-07,134.686,140.022,134.686,138.009,136958
2017-04-14,137.167,137.728,119.57,128.696,231678
2017-04-21,127.432,129.726,114.609,116.996,160092
2017-04-28,116.388,120.74,107.683,118.072,215189
2017-05-05,117.511,120.74,113.673,113.907,108957
2017-05-12,115.639,120.412,108.712,114.188,204699
2017-05-19,114.375,117.604,108.853,115.639,188695
2017-05-26,115.732,115.732,102.488,109.18,189545
2017-06-02,110.538,112.456,105.343,110.21,89592
2017-06-09,110.35,128.836,110.35,122.284,271069
2017-06-16,121.863,123.876,116.959,119.252,155380
2017-06-23,119.299,121.779,108.815,112.325,128951
2017-06-30,112.232,116.491,111.764,113.121,109669
2017-07-07,113.308,120.281,112.981,120.047,174749
2017-07-14,120.047,121.124,111.296,112.747,153352
2017-07-21,111.951,112.747,103.199,107.271,169575
2017-07-28,107.879,112.887,105.212,108.581,195153
2017-08-04,108.815,113.495,106.475,107.879,183281
2017-08-11,107.879,111.062,106.569,107.879,129437
2017-08-18,107.739,115.18,107.411,111.717,164662
2017-08-25,111.998,113.449,108.815,111.389,101186
2017-09-01,110.921,120.515,110.921,119.72,213890
2017-09-08,119.673,134.087,118.737,126.365,433904
2017-09-15,126.038,139.703,126.038,134.789,363851
2017-09-22,135.866,148.595,133.432,134.509,512375
2017-09-29,135.491,142.371,132.683,140.78,303159
2017-10-13,141.622,146.63,132.683,141.529,332959
2017-10-20,141.809,144.664,135.304,141.903,233456
2017-10-27,143.915,153.837,141.482,151.216,354315
2017-11-03,150.935,184.585,145.366,180.607,678455
2017-11-10,183.929,202.369,177.471,197.969,1082112
2017-11-17,197.735,225.535,185.567,188.375,1295810
2017-11-24,185.146,209.997,181.964,181.964,1117474
2017-12-01,176.909,183.134,161.98,173.774,723554
2017-12-08,173.306,188.375,162.167,182.198,745994
2017-12-15,179.951,198.578,179.858,187.439,660214
2017-12-22,186.457,192.494,170.123,189.077,551252
2017-12-29,187.814,196.238,179.015,195.115,596087
2018-01-05,197.314,201.947,186.41,188.609,550576
2018-01-12,186.082,186.082,167.549,167.877,512595
2018-01-19,166.005,167.737,150.467,157.487,641385
2018-01-26,157.581,169.047,151.216,161.84,489143
2018-02-02,161.933,164.227,136.427,140.546,413774
2018-02-09,138.065,143.728,116.444,127.957,585270
2018-02-14,129.688,138.112,129.688,132.637,258547
2018-02-23,133.994,142.465,133.245,139.001,136305
2018-03-02,140.078,171.902,139.048,168.719,868684
2018-03-09,167.783,183.134,163.759,177.237,669559
2018-03-16,179.015,188.282,169.796,170.03,618724
2018-03-23,170.591,181.309,160.061,163.805,628350
2018-03-30,163.805,215.847,163.805,215.847,1070248
2018-04-04,219.965,225.535,202.743,209.435,593272
2018-04-13,208.499,217.953,196.612,208.593,695602
2018-04-20,206.955,265.595,205.551,244.629,1333853
2018-04-27,241.259,253.849,222.493,231.993,1189060
2018-05-04,233.865,248.747,216.315,239.06,545806
2018-05-11,241.727,248.233,224.833,224.833,770700
2018-05-18,217.859,228.623,215.285,220.433,664645
2018-05-25,220.433,243.131,218.327,220.106,695437
2018-06-01,221.135,223.943,192.26,194.834,660937
2018-06-08,193.898,210.184,190.388,204.709,546368
2018-06-15,202.883,228.155,196.706,222.118,727369
2018-06-22,218.795,228.389,190.528,197.735,835926
2018-06-29,199.514,233.631,187.627,233.631,897052
2018-07-06,237.515,259.174,224.917,225.151,1366380
2018-07-13,223.606,261.046,222.811,250.797,1171164
2018-07-20,254.073,261.046,238.91,250.516,791308
2018-07-27,251.686,265.586,240.22,244.947,752170
2018-08-03,245.415,246.538,228.661,228.661,622608
2018-08-10,226.976,251.686,217.148,249.112,807697
2018-08-17,247.287,262.872,234.558,239.986,792266
2018-08-24,237.178,255.571,233.528,248.738,599499
2018-08-31,247.24,262.591,244.105,244.573,549377
2018-09-07,242.092,264.931,233.388,239.05,732980
2018-09-14,234.324,235.774,207.928,212.374,570873
2018-09-21,211.017,227.538,210.128,218.178,431325
2018-09-28,216.586,228.801,214.106,221.547,330737
2018-10-12,214.714,220.33,179.38,190.425,531325
2018-10-19,190.425,197.866,177.321,191.314,492373
2018-10-26,193.654,207.694,182.422,185.605,479846
2018-11-02,187.617,195.292,168.336,193.467,578880
2018-11-09,192.484,207.46,190.378,194.778,394668
2018-11-16,196.369,215.744,194.778,212.889,400256
2018-11-23,208.443,215.463,190.893,191.502,304809
2018-11-30,191.736,199.083,182.89,191.736,296429
2018-12-07,199.738,213.919,196.509,205.448,403032
2018-12-14,204.933,209.566,194.169,194.637,247928
2018-12-21,192.25,195.105,186.166,187.43,195897
2018-12-28,187.383,192.391,175.075,178.023,281652
2019-01-04,178.21,186.915,176.806,184.809,143186
2019-01-11,188.74,206.29,188.74,195.48,397723
2019-01-18,196.416,202.921,189.115,192.672,251344
2019-01-25,192.672,220.798,191.408,215.416,482095
2019-02-01,217.522,225.01,211.438,223.653,309878
2019-02-15,224.168,235.119,222.202,226.414,355917
2019-02-22,227.116,236.102,217.569,232.966,585056
2019-03-01,244.666,254.541,235.774,243.403,539375
2019-03-08,249.253,350.341,244.666,341.308,1038181
2019-03-15,359.233,389.746,307.332,321.325,1047189
2019-03-22,321.559,349.03,308.08,335.271,667502
2019-03-29,327.034,345.006,307.987,331.2,654341
2019-04-04,334.242,364.006,328.626,333.586,535853
2019-04-12,331.246,331.246,294.649,303.681,508685
2019-04-19,309.484,316.504,292.683,303.166,396365
2019-04-26,306.676,316.504,292.449,300.312,515970
2019-04-30,303.026,303.026,284.68,286.833,151592
2019-05-10,272.746,326.566,256.413,326.566,698141
2019-05-17,319.546,331.246,308.689,312.76,589625
2019-05-24,321.886,342.993,309.25,309.344,678028
2019-05-31,309.718,333.586,309.672,313.65,456912
2019-06-06,316.785,319.359,293.104,297.55,261878
2019-06-14,298.908,314.679,295.678,296.1,302664
2019-06-21,296.1,318.61,279.766,315.568,377171
2019-06-28,313.93,336.394,301.388,325.396,379341
2019-07-05,335.926,340.326,312.386,318.844,319295
2019-07-12,317.347,332.753,305.75,308.464,334379
2019-07-19,308.558,335.702,303.878,314.876,472880
2019-07-26,322.785,326.81,296.39,302.801,383240
2019-08-02,303.878,309.962,276.734,285.813,389397
2019-08-09,284.643,287.638,262.694,268.731,376375
2019-08-16,270.977,285.064,264.566,279.401,427327
2019-08-23,282.022,299.525,274.066,291.803,566598
2019-08-30,285.439,315.157,285.439,304.346,600071
2019-09-06,305.703,350.444,300.883,330.647,758223
2019-09-12,333.596,341.786,319.556,325.312,454865
2019-09-20,326.997,336.965,315.578,333.736,463418
2019-09-27,333.596,403.094,316.233,324.47,1103497
2019-09-30,321.194,322.972,308.464,308.464,124439
2019-10-11,309.119,325.874,302.006,312.021,388205
2019-10-18,316.373,318.854,294.05,294.799,409618
2019-10-25,293.114,305.75,287.17,305.048,255066
2019-11-01,314.642,339.118,306.124,333.596,583507
2019-11-08,335.702,346.84,327.839,328.588,444678
2019-11-15,324.47,377.494,314.267,363.033,746328
2019-11-22,362.986,368.321,337.948,341.833,570877
2019-11-29,345.53,369.211,330.086,367.526,518053
2019-12-06,368.883,430.987,362.752,424.201,764832
2019-12-13,426.962,438.334,407.774,424.154,589478
2019-12-20,421.907,438.287,401.69,403.187,598027
2019-12-27,389.288,446.15,384.467,417.181,620934
2020-01-03,417.227,443.81,403.375,435.386,347855
2020-01-10,428.413,444.559,413.998,427.43,439685
2020-01-17,427.43,552.433,427.43,530.39,742179
2020-01-23,526.927,606.674,525.429,556.13,494767
2020-02-07,500.672,687.17,500.672,679.963,705965
2020-02-14,661.43,721.334,639.855,663.349,580926
2020-02-21,671.96,751.286,664.238,717.59,571424
2020-02-28,713.846,844.652,686.421,694.237,868144
2020-03-06,713.003,723.955,598.484,627.359,868068
2020-03-13,615.379,638.264,565.677,625.862,873973
2020-03-20,626.564,697.466,588.983,675.517,802940
2020-03-27,645.05,665.408,549.11,580.981,581016
2020-04-03,571.621,599.654,533.104,584.678,499205
2020-04-10,613.741,616.876,544.664,549.11,305879
2020-04-17,544.664,646.36,527.254,641.353,498793
2020-04-24,633.35,655.767,612.103,619.31,394100
2020-04-30,631.01,732.379,610.418,713.705,357239
2020-05-08,722.27,771.363,722.27,732.332,291668
2020-05-15,732.613,775.013,697.279,759.663,560276
2020-05-22,799.303,861.687,711.506,737.48,883879
2020-05-29,739.211,784.841,687.638,712.91,573196
2020-06-05,726.95,755.077,710.57,722.878,444379
2020-06-12,732.613,762.424,703.69,704.533,462530
2020-06-19,693.722,745.155,670.322,731.677,411769
2020-06-24,748.01,815.416,746.606,792.952,324945
2020-07-03,788.085,868.347,774.045,844.993,450805
2020-07-10,853.043,1060.929,848.925,1037.529,639086
2020-07-17,1018.715,1054.845,795.105,811.485,733315
2020-07-24,825.525,912.853,784.949,837.646,483124
2020-07-31,837.833,977.578,805.915,977.578,404855
2020-08-07,1075.109,1119.803,928.999,977.157,606025
2020-08-14,942.571,1081.053,937.845,975.285,451358
2020-08-21,976.314,1038.933,922.026,935.037,342691
2020-08-28,942.525,942.525,848.971,894.508,300116
2020-09-04,905.085,914.445,832.545,877.239,378957
2020-09-11,877.005,877.005,706.185,737.541,466233
2020-09-18,737.541,768.569,710.677,767.399,360127
2020-09-25,768.897,796.696,727.619,735.903,205991
2020-09-30,727.385,773.53,712.269,746.245,144434
2020-10-09,765.153,770.581,752.095,758.601,43900
2020-10-16,769.365,845.883,762.391,812.467,308117
2020-10-23,815.79,820.798,732.439,739.974,233928
2020-10-30,734.265,825.525,727.291,802.125,229826
2020-11-06,804.699,891.045,797.445,890.483,413088
2020-11-13,904.663,979.029,825.525,852.996,452776
2020-11-20,852.669,862.169,802.359,826.32,271356
2020-11-27,822.249,843.589,781.065,795.853,252537
2020-12-04,797.445,822.717,767.025,775.823,311241
2020-12-11,800.533,835.446,768.663,773.483,386751
2020-12-18,769.365,788.74,739.881,745.965,306808
2020-12-25,745.075,837.225,745.075,810.502,616812
2020-12-31,806.805,862.216,788.319,847.708,382670
2021-01-08,853.137,944.818,847.708,878.175,563829
2021-01-15,886.365,1068.885,886.365,1007.389,770998
2021-01-22,994.098,1115.591,971.447,1036.171,546701
2021-01-29,1030.649,1068.885,921.465,939.717,420854
2021-02-05,941.963,960.683,871.763,889.641,371170
2021-02-10,891.138,958.015,891.091,945.286,186390
2021-02-19,969.013,1022.833,905.459,929.421,202528
2021-02-26,918.657,944.865,832.077,841.437,343498
2021-03-05,855.196,950.387,830.205,853.511,404046
2021-03-12,858.191,862.918,697.293,715.498,438806
2021-03-19,701.739,701.739,652.318,666.405,308691
2021-03-26,667.715,676.981,626.765,663.831,258397
2021-04-02,668.183,783.405,658.449,770.535,312675
2021-04-09,770.581,782.469,740.489,748.305,220024
2021-04-16,760.005,776.385,691.115,709.086,253346
2021-04-23,713.205,772.687,696.029,769.224,271579
2021-04-30,772.313,810.923,753.546,776.946,324432
2021-05-07,762.345,810.455,753.921,761.409,120743
2021-05-14,751.3,774.981,695.093,768.195,253094
2021-05-21,778.257,848.925,775.449,792.343,271010
2021-05-28,807.039,899.609,778.725,877.707,461256
2021-06-04,891.747,1001.586,866.241,979.965,484237
2021-06-11,1017.405,1074.313,984.177,1027.139,366246
2021-06-18,1021.383,1227.209,1017.498,1220.563,450210
2021-06-25,1199.925,1288.283,1162.953,1237.365,448361
2021-07-02,1246.725,1386.048,1190.705,1249.954,373057
2021-07-09,1274.898,1597.626,1271.154,1542.075,416136
2021-07-16,1537.395,1645.035,1453.155,1519.658,364408
2021-07-23,1499.955,1802.564,1444.637,1749.773,426741
2021-07-30,1731.474,2024.115,1579.655,2024.115,495255
2021-08-06,1983.118,2013.07,1650.932,1762.035,573496
2021-08-13,1703.535,1824.326,1586.067,1635.581,392256
2021-08-20,1579.562,1763.252,1508.8,1714.299,419314
2021-08-27,1745.608,1930.515,1687.95,1827.555,305618
2021-09-03,1835.558,1866.305,1442.718,1542.075,575570
2021-09-10,1531.03,1746.872,1524.759,1732.551,306162
2021-09-17,1719.915,1828.772,1579.515,1673.115,342562
2021-09-24,1636.33,1850.955,1635.207,1793.204,191012
2021-09-30,1827.555,1888.395,1654.629,1713.784,247310
2021-10-08,1760.256,1764.843,1591.636,1654.442,84600
2021-10-15,1663.755,1685.002,1525.461,1659.309,280935
2021-10-22,1639.559,1733.955,1578.438,1724.595,263549
2021-10-29,1719.026,1843.186,1708.683,1739.805,233911
2021-11-05,1715.235,1939.407,1710.555,1771.395,276622
2021-11-12,1738.635,2121.365,1715.235,2066.188,351973
2021-11-19,2070.868,2080.275,1809.209,1853.342,256034
2021-11-26,1821.518,1902.388,1739.711,1743.736,279216
2021-12-03,1715.235,1845.666,1709.993,1813.515,231256
2021-12-10,1804.108,1818.195,1690.524,1724.22,235615
2021-12-17,1724.314,1759.695,1603.757,1619.295,252590
2021-12-24,1607.595,1672.553,1513.995,1546.755,255765
2021-12-31,1560.748,1629.591,1503.231,1626.408,265958
2022-01-07,1621.167,1633.616,1361.614,1375.233,334393
2022-01-14,1369.43,1406.355,1288.98,1353.518,442766
2022-01-21,1387.635,1523.402,1369.757,1379.632,370759
2022-01-28,1365.966,1476.087,1325.859,1326.795,286475
2022-02-11,1363.439,1398.352,1167.581,1168.564,367452
2022-02-18,1148.908,1295.158,1116.756,1261.275,281258
2022-02-25,1261.275,1448.475,1198.142,1413.609,378403
2022-03-04,1413.749,1448.943,1304.518,1369.149,274924
2022-03-11,1346.03,1481.235,1279.714,1407.759,482547
2022-03-18,1373.501,1565.709,1329.416,1453.108,425662
2022-03-25,1453.155,1481.75,1340.835,1340.835,217291
2022-04-01,1310.883,1364.235,1262.772,1291.227,265071
2022-04-08,1290.338,1292.865,1192.292,1228.515,151720
2022-04-15,1212.135,1247.141,1116.195,1225.613,301618
2022-04-22,1219.155,1285.377,1153.635,1193.415,274977
2022-04-29,1149.142,1167.628,1022.595,1120.875,382689
2022-05-06,1106.835,1126.304,1035.792,1041.315,193060
2022-05-13,1027.275,1181.247,966.435,1166.739,564239
2022-05-20,1166.832,1275.315,1130.703,1233.663,320841
2022-05-27,1233.195,1284.113,1167.815,1201.371,243125
2022-06-02,1206.519,1388.524,1184.523,1353.518,272783
2022-06-10,1339.899,1374.624,1220.184,1275.362,383130
2022-06-17,1253.178,1263.474,1118.769,1203.29,506955
2022-06-24,1209.795,1279.761,1182.183,1258.467,476666
2022-07-01,1265.955,1353.424,1235.067,1322.489,461149
2022-07-08,1298.715,1453.155,1212.041,1429.755,677394
2022-07-15,1419.927,1450.534,1289.659,1317.458,430005
2022-07-22,1327.801,1364.024,1220.114,1282.826,506083
2022-07-29,1267.897,1290.033,1188.29,1190.069,361537
2022-08-05,1173.174,1489.027,1134.938,1489.027,693197
2022-08-12,1533.674,1589.834,1429.872,1529.462,592689
2022-08-19,1542.051,1579.445,1430.714,1438.296,384666
2022-08-26,1440.074,1462.538,1325.133,1325.601,267230
2022-09-02,1304.354,1383.914,1299.113,1339.688,312623
2022-09-09,1327.754,1500.867,1276.321,1465.814,335040
2022-09-16,1472.834,1542.005,1419.623,1481.071,252428
2022-09-23,1468.622,1524.314,1326.959,1337.114,274430
2022-09-30,1318.956,1410.356,1303.418,1306.226,220266
2022-10-14,1243.514,1243.514,995.334,1055.753,608613
2022-10-21,1030.247,1271.079,1026.175,1232.376,571307
2022-10-28,1215.434,1292.841,1199.569,1247.726,429145
2022-11-04,1257.414,1287.834,1206.074,1279.082,407852
2022-11-11,1269.722,1302.014,1094.69,1118.184,524850
2022-11-18,1112.474,1187.354,1079.761,1082.195,509039
2022-11-25,1070.354,1103.114,1040.73,1056.361,338342
2022-12-02,1032.914,1092.116,1027.158,1065.347,395390
2022-12-09,1065.3,1168.681,1037.594,1149.025,508187
2022-12-16,1149.914,1189.694,1100.213,1132.224,588087
2022-12-23,1121.834,1131.99,1014.194,1022.712,277087
2022-12-30,1020.699,1085.939,1020.699,1057.718,255095
2023-01-06,1051.681,1103.021,1042.555,1071.852,268906
2023-01-13,1075.034,1126.514,1051.587,1066.189,376754
2023-01-20,1056.314,1160.678,1052.383,1153.143,391191
2023-02-03,1161.708,1225.637,1097.03,1186.465,552041
2023-02-10,1192.034,1208.789,1132.973,1166.247,387755
2023-02-17,1145.234,1229.006,1111.445,1117.341,471880
2023-02-24,1110.041,1142.894,1098.434,1114.019,246468
2023-03-03,1106.531,1168.634,1075.034,1168.353,409761
2023-03-10,1154.594,1251.283,1149.914,1225.59,560158
2023-03-17,1224.747,1327.286,1212.626,1266.914,582694
2023-03-24,1263.123,1324.057,1205.84,1215.481,538769
2023-03-31,1215.434,1278.614,1157.777,1247.492,625014
2023-04-07,1267.382,1471.056,1262.234,1466.563,676625
2023-04-14,1469.09,1495.673,1333.089,1475.689,616005
2023-04-21,1533.674,1678.895,1477.514,1581.738,811027
2023-04-28,1589.834,1638.881,1500.727,1568.868,602867
2023-05-05,1570.085,1570.085,1496.749,1510.883,168521
2023-05-12,1417.329,1475.549,1330.094,1340.39,478155
2023-05-19,1323.074,1434.692,1314.182,1413.305,346305
2023-05-26,1414.287,1433.897,1353.962,1414.802,242683
2023-06-02,1423.694,1451.213,1378.719,1398.843,329449
2023-06-09,1500.446,1538.401,1395.848,1440.074,440161
2023-06-16,1430.153,1514.393,1426.081,1502.786,302910
2023-06-21,1494.362,1499.651,1381.668,1383.446,195470
2023-06-30,1379.234,1524.314,1366.13,1489.916,309158
2023-07-07,1514.861,1524.221,1330.796,1337.769,333001
2023-07-14,1332.481,1405.185,1329.252,1404.249,310645
2023-07-21,1409.397,1418.757,1260.479,1266.095,367706
2023-07-28,1259.637,1321.881,1254.021,1297.077,221165
2023-08-04,1297.077,1349.633,1292.397,1322.864,252565
2023-08-11,1317.996,1357.355,1307.841,1309.245,168108
2023-08-18,1294.409,1299.417,1208.157,1208.157,187973
2023-08-25,1215.598,1233.195,1176.941,1208.157,187303
2023-09-01,1279.386,1332.036,1175.958,1283.13,349511
2023-09-08,1292.678,1318.137,1231.557,1252.617,374063
2023-09-15,1245.597,1259.496,1165.101,1171.419,249197
2023-09-22,1161.357,1175.958,1083.528,1102.857,314316
2023-09-28,1100.517,1165.522,1085.073,1134.681,269873
2023-10-13,1124.993,1199.312,1121.858,1169.313,353411
2023-10-20,1166.973,1192.151,1121.577,1127.38,251815
2023-10-27,1127.333,1194.117,1095.837,1183.774,300145
2023-11-03,1175.397,1244.006,1171.185,1208.344,300437
2023-11-10,1217.657,1247.937,1196.644,1203.524,285400
2023-11-17,1206.706,1217.423,1157.192,1161.357,194009
2023-11-24,1161.404,1164.024,1097.522,1108.707,218165
2023-12-01,1102.67,1137.629,1059.754,1095.088,231515
2023-12-08,1091.11,1108.005,1004.202,1045.433,261893
2023-12-15,1037.524,1085.541,1027.977,1058.397,186148
2023-12-22,1051.377,1115.82,1035.371,1086.477,291434
2023-12-29,1081.797,1166.037,1053.717,1155.32,279734
2024-01-05,1155.413,1159.485,1091.016,1101.125,152299
2024-01-12,1098.177,1105.197,1047.446,1091.157,191661
2024-01-19,1088.817,1207.127,1075.245,1178.673,385709
2024-01-26,1178.673,1204.272,1134.353,1163.697,341764
2024-02-02,1163.229,1178.392,1054.138,1088.349,285665
2024-02-08,1073.186,1216.581,1071.08,1176.801,296320
2024-02-23,1212.837,1247.937,1184.757,1229.966,272788
2024-03-01,1232.961,1385.061,1206.285,1372.659,364317
2024-03-08,1374.718,1421.799,1343.924,1418.148,308676
2024-03-15,1404.904,1444.029,1328.901,1358.057,312496
2024-03-22,1353.471,1488.91,1353.237,1467.944,288203
2024-03-29,1464.902,1533.417,1404.389,1435.605,286530
2024-04-03,1446.837,1482.218,1376.684,1398.539,160004
2024-04-12,1418.757,1440.051,1349.493,1362.597,183674
2024-04-19,1418.757,1479.597,1388.337,1402.283,298082
2024-04-26,1381.27,1479.129,1367.838,1473.326,193934
2024-04-30,1471.173,1524.431,1466.399,1498.317,122287
2024-05-10,1517.505,1530.141,1343.877,1399.803,306502
2024-05-17,1381.317,1407.525,1333.721,1367.277,253471
2024-05-24,1361.333,1403.219,1348.557,1348.557,187925
2024-05-31,1348.416,1470.237,1341.911,1378.275,268027
2024-06-07,1381.41,1539.688,1381.317,1495.462,322427
2024-06-14,1512.357,1576.473,1507.77,1516.101,282394
2024-06-21,1517.177,1586.207,1517.177,1550.312,258777
2024-06-28,1550.218,1571.325,1462.421,1502.482,226500
2024-07-05,1497.849,1534.774,1454.231,1480.112,158620
2024-07-12,1481.469,1553.447,1417.961,1546.755,329122
2024-07-19,1553.447,1689.635,1547.316,1670.447,342376
2024-07-26,1684.487,1688.465,1526.771,1562.573,248031
2024-08-02,1562.573,1657.109,1546.146,1585.88,237208
2024-08-09,1562.76,1588.5,1463.591,1510.719,214034
2024-08-16,1501.031,1516.475,1467.335,1488.208,134529
2024-08-23,1490.267,1506.086,1412.954,1420.816,182876
2024-08-30,1420.816,1529.298,1399.054,1498.598,237761
2024-09-06,1506.647,1517.879,1403.687,1404.155,171563
2024-09-13,1394.795,1438.834,1380.24,1380.381,171007
2024-09-20,1385.014,1401.441,1337.231,1382.253,110540
2024-09-27,1372.284,1568.891,1310.696,1568.891,427529
2024-09-30,1651.166,1721.927,1610.122,1721.834,121624
2024-10-11,1893.122,2068.247,1697.591,1720.991,602781
2024-10-18,1693.847,1888.208,1656.594,1886.476,558270
2024-10-25,1926.958,1955.927,1799.147,1826.853,495838
2024-11-01,1826.853,1879.175,1792.876,1822.547,358967
2024-11-08,1822.641,2199.287,1820.207,2104.517,546335
2024-11-15,2152.487,2302.388,1981.761,1987.19,621298
2024-11-22,1980.872,2096.327,1973.852,1986.488,397847
2024-11-29,1965.334,2023.928,1871.594,1954.43,365044
2024-12-06,1937.207,2006.471,1869.488,1907.208,410927
2024-12-13,1890.922,1937.207,1815.527,1817.774,380766
2024-12-20,1808.414,1953.119,1765.545,1947.503,453146
2024-12-27,1927.847,1982.603,1881.047,1938.611,353668
2025-01-03,1927.988,1959.016,1747.901,1764.515,292193
2025-01-10,1769.148,1855.494,1752.347,1804.529,262132
2025-01-17,1777.853,1890.267,1755.202,1827.602,309925
2025-01-24,1834.388,1866.633,1783.703,1784.686,319757
2025-01-27,1784.686,1788.336,1765.592,1773.407,44739
2025-02-07,1801.487,1939.547,1754.687,1916.522,333982
2025-02-14,1923.167,1977.596,1872.389,1964.819,349431
2025-02-21,1974.647,2224.232,1963.696,2185.341,465855
2025-02-28,2185.247,2227.367,2081.726,2102.318,325600
2025-03-07,2097.872,2234.949,1998.047,2185.247,308188
2025-03-14,2173.547,2202.891,2019.528,2064.082,237074
2025-03-21,2089.026,2089.307,1947.269,1969.031,173912
2025-03-28,1969.031,2047.374,1937.207,1955.459,209481
2025-04-03,1937.207,2108.027,1932.902,2068.154,216039
2025-04-11,2044.8,2205.512,1971.792,2150.147,486223
2025-04-18,2175.232,2203.733,2097.872,2131.521,223185
2025-04-25,2123.237,2216.135,2103.347,2130.398,166921
2025-04-30,2135.171,2164.655,2091.226,2119.54,103789
2025-05-09,2136.575,2175.887,2066.843,2072.225,157275
2025-05-16,2081.913,2085.75,2007.454,2014.895,156742
2025-05-23,2015.129,2058.747,1984.007,1997.392,172435
2025-05-30,2006.892,2058.419,1961.122,1967.908,183932
2025-06-06,1974.6,2039.606,1973.571,2023.74,98689
2025-06-13,2017.469,2022.851,1886.102,1930.468,228690
2025-06-20,1909.314,2031.603,1907.162,2006.331,175641
2025-06-27,2012.04,2086.406,2006.331,2042.554,214077
2025-07-04,2040.027,2171.668,2035.487,2131.486,222891
2025-07-11,2145.069,2165.287,2061.04,2104.192,203273
2025-07-18,2098.948,2101.791,1999.945,2068.558,260021
2025-07-25,2066.094,2174.511,2007.337,2174.511,384550
2025-08-01,2174.511,2260.689,2081.258,2097.684,363634
2025-08-08,2087.007,2136.351,2070.517,2093.199,238380
2025-08-15,2086.312,2222.149,2073.613,2174.954,378941
2025-08-22,2185.315,2471.9,2131.549,2436.329,596735
2025-08-29,2505.069,2557.445,2301.124,2367.463,879424
2025-09-05,2395.894,2464.507,2193.718,2271.303,662143
2025-09-12,2256.898,2436.961,2244.388,2396.147,470552
2025-09-19,2430.074,2717.48,2348.825,2553.844,558833
2025-09-26,2550.938,2979.235,2530.151,2874.798,673967
2025-09-30,2862.162,2941.706,2787.926,2872.018,248086
2025-10-10,2901.334,3006.592,2743.384,2780.66,314250
2025-10-17,2692.84,2811.113,2513.03,2537.607,509748
2025-10-24,2579.116,2652.405,2519.221,2634.714,347575
2025-10-31,2682.099,2752.671,2566.48,2585.75,398369
2025-11-07,2580.38,2667.568,2478.218,2628.08,367964
2025-11-14,2628.08,2711.794,2564.395,2588.593,323306
2025-11-21,2585.055,2762.338,2456.673,2458.189,439635
2025-11-28,2477.08,2759.179,2477.08,2717.48,416844
2025-12-05,2717.607,2896.28,2689.049,2860.267,331935
2025-12-12,2857.74,2968.052,2804.795,2889.33,325663
2025-12-19,2925.216,2970.832,2774.216,2846.746,291188
2025-12-26,2851.106,3102.689,2850.853,2914.033,334663
2025-12-31,2922.689,3002.043,2857.171,2914.475,273613
2026-01-09,2970.832,3324.45,2932.987,3157.213,650606
2026-01-16,3160.562,3387.82,3062.443,3323.882,572107
2026-01-23,3361.916,3381.502,3141.418,3238.526,452160
2026-01-30,3224.184,3224.184,2958.386,3016.511,512096
2026-02-06,2993.956,3046.585,2891.794,2997.557,412673
2026-02-13,3040.899,3151.843,2989.786,3085.314,320467
2026-02-27,3121.2,3170.986,2958.196,2995.346,303514
2026-03-06,2949.098,2997.747,2812.882,2954.279,350524
2026-03-13,2844.472,2949.983,2765.497,2906.894,349365
2026-03-20,2892.173,3008.866,2806.754,2975.381,326077
2026-03-27,2929.765,2968.305,2759.179,2875.936,331080
2026-04-03,2819.895,2983.531,2693.219,2708.319,355527
2026-04-10,2699.537,3074.51,2681.783,3026.999,358384
2026-04-17,3020.744,3122.464,2950.614,2982.899,361868
2026-04-24,2838.154,3079.628,2825.518,3000.527,748422
2026-04-30,3054.23,3433.057,3021.123,3406.711,601535
2026-05-08,3520.498,3596.314,3394.138,3430.719,339957
2026-05-15,3488.782,3936.475,3476.272,3754.264,730856
2026-05-22,3811.126,4573.077,3687.925,4240.75,914071
2026-05-29,4121.529,4556.966,3955.05,3993.527,751401
2026-06-05,3962.695,4043.944,3704.92,3826.036,622930
2026-06-12,3615.521,4316.503,3604.022,4229.314,573925
2026-06-18,4245.804,4650.662,4057.528,4569.539,430498
2026-06-26,4689.202,5245.312,4569.286,5152.88,581172
2026-07-03,5157.05,6129.832,4915.272,5174.31,711203
2026-07-10,5277.357,5736.612,4870.857,5079.54,783893
2026-07-17,5045.486,5159.779,4188.765,4296.108,754124
2026-07-24,4466.694,5130.084,4183.016,4801.548,841505
2026-07-31,4696.038,4934.226,4084.455,4359.288,733198
2026-08-07,4346.652,4850.071,4011.861,4769.895,607087
2026-08-14,4770.211,4934.226,4618.326,4685.676,368809
2026-08-21,4684.665,4984.138,4468.274,4532.591,406394
2026-08-28,4529.874,4604.427,4245.627,4425.69,368984
2026-09-04,4337.554,4440.096,4019.822,4050.78,325068
2026-09-11,4139.485,4238.362,3897.063,4024.434,281828
2026-09-14,3999.162,4018.179,3936.045,3973.89,42811
